# Created by Octave 5.2.0, Fri Aug 06 00:38:59 2021 CST <tomtony@pop-os>
# name: cep
# type: matrix
# rows: 344
# columns: 12
 -0.0074724357206288269 0.00057297434488962355 0.0025578065288381145 0.0014332549621171664 0.0020405324582117653 -0.00053976814849158712 0.0008540910048621972 0.00066639437350877486 0.0011268600576296956 0.0034325239900433444 0.00069791191334782582 0.00063073448709931312
 -0.0069272836567420117 -0.0020017734754783061 0.0014507507482125249 0.00013982418333773796 0.00089580081580762033 0.0034757002501896563 0.0019380766808058377 0.00077106085281097565 -0.00054545525341014587 3.430899306205171e-05 0.0035031304013587697 -7.6239014550940706e-05
 -0.0030809631202087279 -0.0002510959616778302 0.0021269248567943604 -0.0023994536725618137 0.0031106168362336085 0.0020911090475803497 0.0014507505629655052 -0.00051957797512689515 0.00028187984109665903 -0.00076269076192040275 0.0019807688036812409 0.00082128248998567703
 -0.0081596097724188892 0.00022894043502740712 0.0014608459893956296 0.00065130030887933438 -0.0023045618981153418 0.0018220621127926662 -0.00054692064412562057 -0.0016029134797275301 0.00093939507855159848 0.00021626298713786865 0.00016240204308888605 -0.00027089971812842344
 -0.0085434117946429858 -0.00026083413723464053 0.0020976421839503348 -0.003004122582047756 0.0024456770307183899 8.7570428895850113e-05 -0.00095253509805334952 0.0016580392652028426 -0.00095566190235607616 -0.00015956239001163697 0.0015129394876919112 0.0001026874366976946
 -0.0047135844584835574 -0.0031311526117124974 0.0030663214793777297 0.0012120699390172217 0.0014702817915855655 0.0018411790981988575 -0.00022147630452103414 0.0015807853296599713 -0.00025502550379476413 0.0016050723999240109 -0.00046212606132110606 0.0011423071910518746
 -0.0060136249511910222 0.0045355139709972033 0.0008332936513635134 0.0021851649585165386 -0.00060240468925241899 0.00048509197328361759 0.00087784950051534281 -0.00052796093081902901 0.0015982148514182286 0.00060784999539115745 0.0010700566455141306 0.0038582112692574513
 -0.0081244388496522681 0.00059131219115372206 0.0028662227979646868 -0.00152702164843161 -0.0024770885786199433 -0.00077148031592533858 0.00052415747606241977 0.0001230725077592917 0.00059518474192758481 -0.0011588695286298095 -0.00036899118838435845 -0.0012385533598467616
 -0.0082658076137695283 -0.0028914243942131071 -0.00094672936632051786 0.0020688409721258912 0.00039996994586752522 -0.0002285554304245378 0.0022508642529246795 -0.0027188372247927851 0.002189280041013895 -0.00017286676743393244 0.00085204328013921632 0.00071957033348658123
 -0.0058051983372936428 -0.0012994876854380581 0.00071272098464217847 0.0011780446887251416 -0.00028426235618646511 0.0012598080327086126 -0.00061604201098906894 -0.0010855851295441899 0.001791905496441304 -0.0021203275797854982 -0.00099512087684776665 -0.0015266850509239316
 -0.007579262202010233 0.0019672712606056365 -0.00026591476987440881 -0.00042931165879341168 0.00043988478729540398 0.0018106933370544073 0.001387683925045306 -0.0021062254065867671 -0.00068752888761132978 -0.002128595858212518 0.0008309706000470227 -0.0024621539685856053
 -0.0093455373119354073 -0.00028154969600898463 0.002050399894167059 0.00082205457125142367 0.0031058177161304235 -0.0024634173897482934 -0.00098695651622141456 -0.0014102401059593568 0.0020627840516147093 -0.0054039264111052712 0.0009073036508116674 -0.00080968103669941545
 -0.004109674613354976 -0.00086298743222821021 0.0027401536118228701 -0.00067104227517965484 -0.00080673535048221491 -0.00059472691478818797 0.0020568252739238922 0.0012226309943550245 -0.0024185464451234903 -0.002433609342080415 0.00050428422256392283 -0.00096038794558588481
 -0.0043879840100134347 -0.002471859102076898 0.0020377451969687522 -0.00053289548627768731 0.00021534004504572375 0.0021566272660066064 0.0026860050936912609 -0.0042280874503848103 0.0015823327509830582 -0.0011340993263083173 1.5935965096939982e-05 0.00019964905449045255
 -0.0054854940474518606 -0.0017823094147298947 0.00030699358807025664 0.0011999440275619563 0.00058514783295543049 -0.00065329160151235519 0.00014086336766960065 -0.002362781700157815 0.00067767114437107111 -0.0012604294314924498 0.00040735303719043172 -0.0011291355962186509
 -0.0072633023369939008 -0.00044466607826594155 0.00042157597731789771 0.0018268513371628664 0.0025297700878157067 -0.0011135775249409403 0.0014945676741224144 -0.0019072066789588076 0.0028595814654523697 0.0007785469607103461 0.00021656392461984989 -0.0010574074168730446
 -0.0075042519352674008 -9.6373990109425498e-05 0.0025351977517883112 -0.00019947752689109926 0.0030395650316874852 -0.00078763810533882177 -0.0011618050526259233 0.0019530602245529049 -5.4634236393299791e-05 0.0010854868154824048 -0.0015328507875016946 -0.00138060868879257
 -0.0057584049573223004 4.7032321901404532e-05 0.0029512367695979326 0.0032525272218149196 0.0012809449960937799 -0.00038070763998972337 0.0012476707503089714 0.0030088836082763281 0.00022173237178912031 0.0022804182991144682 -0.0023280121115807784 -9.8076989975074709e-05
 -0.0092508319231084969 0.0026588330801468629 0.0053587573731907045 -0.00042828576220020533 -0.00081807437270344072 -0.0013871456472764594 0.0014357319805441519 -2.4752730178474998e-05 0.0010209257409589864 0.0011195268621835906 0.00059191964036313719 0.0022856998296630683
 -0.0075644559514921475 -0.0021565348358880618 0.0023648521571396487 0.00090584562290755156 0.0012906542567227787 0.0012699655622861515 0.0011569526309151302 -0.00020825406984406516 0.0018378766711056125 0.0014791345184187062 -0.0016639942329512802 -0.0027090842511593395
 -0.004680098279399145 -0.0018031494283241565 -0.0019878479847659576 0.00168909794916231 0.0031717294825127037 0.0017840680395992093 0.0018780806080054323 -0.00147222803125125 3.7383718859251033e-05 0.0013376040230742786 -0.00034115960381415254 -0.003490451044577052
 -0.0065341070564116878 -0.0014742114394989938 0.0033207417592979243 -0.0020545154615336332 0.0045975348762042137 0.00038454692458897525 0.0022208406140976846 0.0014464327226901832 -0.0012321843304382344 0.0010078978112190748 0.0016696433623217739 -0.00053057731928175637
 -0.0049554372211579123 -0.0010259396319996709 0.0018502985421170398 0.0014287755613887113 0.00053651268189070271 0.0019638691970910722 0.0025082178742829391 0.00045695956959430879 0.0010254098771367787 0.00091672215685766208 0.0031377698875983515 -0.00076717443208739237
 -0.0071536711761213427 0.0017531880014271331 0.0011308011881923648 0.0036499134213865796 -0.00070891851259317418 0.0013907524548898286 0.0011466863391514583 0.00087277873467338327 0.00042992155931533867 4.7094884788807521e-05 -0.00061111618926057193 0.00088620044161370857
 -0.0074708980749201015 4.5866826886615451e-05 0.003965156468473602 -0.0015684144134840191 0.0019593768121266221 -0.0016593215105706648 0.00067071741582338325 -0.0013543678682276755 0.001246700917800789 -0.00063212940325338733 4.900512078717501e-05 0.00022626969370245363
 -0.0094136968725468135 0.0018633803019088865 0.0016838799536898069 0.00034145945988698576 0.0016999451498273105 -0.00030059892079926416 0.0014272814301197014 -0.0025252955078644947 -0.00034154680251280689 5.4943351659937958e-05 -0.00036008036341000601 -0.00022327048576283051
 -0.0072699337130396986 -0.0020661207539194888 0.0013573264241050296 0.0027009786754564149 0.0015219958919264608 0.0018985752303816847 -0.0003917951963614679 -0.0021543775604863937 0.0004142885006910133 -0.0011520226631397687 -0.00058321366877353922 2.3668140922640966e-05
 -0.0060323173509648949 0.0005262278418989891 0.0013992575888507482 -0.0016862705834326114 -0.00064684886216876043 -0.00014787970889018086 -0.00088164768386128818 -0.0025344859089996958 0.0023422647950232687 -0.0023665118371896574 -0.00016514600893002701 -0.00042414898289662347
