# Created by Octave 5.2.0, Fri Aug 06 00:38:59 2021 CST <tomtony@pop-os>
# name: ts
# type: matrix
# rows: 344
# columns: 1
 0.012468750000000001
 0.022468749999999999
 0.032468749999999998
 0.04246875
 0.052468750000000001
 0.062468750000000003
 0.072468749999999998
 0.082468749999999993
 0.092468750000000002
 0.10246875
 0.11246875000000001
 0.12246875
 0.13246875
 0.14246875000000001
 0.15246874999999999
 0.16246875
 0.17246875
 0.18246875000000001
 0.19246874999999999
 0.20246875
 0.21246875000000001
 0.22246874999999999
 0.23246875
 0.24246875000000001
 0.25246875000000002
 0.26246874999999997
 0.27246874999999998
 0.28246874999999999
 0.29246875
 0.30246875000000001
 0.31246875000000002
 0.32246875000000003
 0.33246874999999998
 0.34246874999999999
 0.35246875
 0.36246875000000001
 0.37246875000000002
 0.38246875000000002
 0.39246874999999998
 0.40246874999999999
 0.41246875
 0.42246875
 0.43246875000000001
 0.44246875000000002
 0.45246874999999998
 0.46246874999999998
 0.47246874999999999
 0.48246875
 0.49246875000000001
 0.50246875000000002
 0.51246875000000003
 0.52246875000000004
 0.53246875000000005
 0.54246875000000006
 0.55246874999999995
 0.56246874999999996
 0.57246874999999997
 0.58246874999999998
 0.59246874999999999
 0.60246875
 0.61246875000000001
 0.62246875000000002
 0.63246875000000002
 0.64246875000000003
 0.65246875000000004
 0.66246875000000005
 0.67246874999999995
 0.68246874999999996
 0.69246874999999997
 0.70246874999999998
 0.71246874999999998
 0.72246874999999999
 0.73246875
 0.74246875000000001
 0.75246875000000002
 0.76246875000000003
 0.77246875000000004
 0.78246875000000005
 0.79246875000000006
 0.80246874999999995
 0.81246874999999996
 0.82246874999999997
 0.83246874999999998
 0.84246874999999999
 0.85246875
 0.86246875000000001
 0.87246875000000002
 0.88246875000000002
 0.89246875000000003
 0.90246875000000004
 0.91246875000000005
 0.92246874999999995
 0.93246874999999996
 0.94246874999999997
 0.95246874999999998
 0.96246874999999998
 0.97246874999999999
 0.98246875
 0.99246875000000001
 1.00246875
 1.01246875
 1.02246875
 1.03246875
 1.0424687500000001
 1.0524687500000001
 1.0624687500000001
 1.0724687500000001
 1.0824687500000001
 1.0924687500000001
 1.1024687500000001
 1.1124687499999999
 1.1224687499999999
 1.1324687499999999
 1.1424687499999999
 1.1524687499999999
 1.1624687499999999
 1.1724687499999999
 1.18246875
 1.19246875
 1.20246875
 1.21246875
 1.22246875
 1.23246875
 1.24246875
 1.25246875
 1.26246875
 1.27246875
 1.28246875
 1.2924687500000001
 1.3024687500000001
 1.3124687500000001
 1.3224687500000001
 1.3324687500000001
 1.3424687500000001
 1.3524687500000001
 1.3624687499999999
 1.3724687499999999
 1.3824687499999999
 1.3924687499999999
 1.4024687499999999
 1.4124687499999999
 1.4224687499999999
 1.43246875
 1.44246875
 1.45246875
 1.46246875
 1.47246875
 1.48246875
 1.49246875
 1.50246875
 1.51246875
 1.52246875
 1.53246875
 1.5424687500000001
 1.5524687500000001
 1.5624687500000001
 1.5724687500000001
 1.5824687500000001
 1.5924687500000001
 1.6024687500000001
 1.6124687499999999
 1.6224687499999999
 1.6324687499999999
 1.6424687499999999
 1.6524687499999999
 1.6624687499999999
 1.6724687499999999
 1.68246875
 1.69246875
 1.70246875
 1.71246875
 1.72246875
 1.73246875
 1.74246875
 1.75246875
 1.76246875
 1.77246875
 1.78246875
 1.7924687500000001
 1.8024687500000001
 1.8124687500000001
 1.8224687500000001
 1.8324687500000001
 1.8424687500000001
 1.8524687500000001
 1.8624687499999999
 1.8724687499999999
 1.8824687499999999
 1.8924687499999999
 1.9024687499999999
 1.9124687499999999
 1.9224687499999999
 1.93246875
 1.94246875
 1.95246875
 1.96246875
 1.97246875
 1.98246875
 1.99246875
 2.0024687499999998
 2.01246875
 2.0224687499999998
 2.03246875
 2.0424687499999998
 2.0524687500000001
 2.0624687499999999
 2.0724687500000001
 2.0824687499999999
 2.0924687500000001
 2.1024687499999999
 2.1124687500000001
 2.1224687499999999
 2.1324687500000001
 2.1424687499999999
 2.1524687500000002
 2.1624687499999999
 2.1724687500000002
 2.18246875
 2.1924687500000002
 2.20246875
 2.2124687500000002
 2.22246875
 2.2324687499999998
 2.24246875
 2.2524687499999998
 2.26246875
 2.2724687499999998
 2.28246875
 2.2924687499999998
 2.3024687500000001
 2.3124687499999999
 2.3224687500000001
 2.3324687499999999
 2.3424687500000001
 2.3524687499999999
 2.3624687500000001
 2.3724687499999999
 2.3824687500000001
 2.3924687499999999
 2.4024687500000002
 2.4124687499999999
 2.4224687500000002
 2.43246875
 2.4424687500000002
 2.45246875
 2.4624687500000002
 2.47246875
 2.4824687499999998
 2.49246875
 2.5024687499999998
 2.51246875
 2.5224687499999998
 2.53246875
 2.5424687499999998
 2.5524687500000001
 2.5624687499999999
 2.5724687500000001
 2.5824687499999999
 2.5924687500000001
 2.6024687499999999
 2.6124687500000001
 2.6224687499999999
 2.6324687500000001
 2.6424687499999999
 2.6524687500000002
 2.6624687499999999
 2.6724687500000002
 2.68246875
 2.6924687500000002
 2.70246875
 2.7124687500000002
 2.72246875
 2.7324687499999998
 2.74246875
 2.7524687499999998
 2.76246875
 2.7724687499999998
 2.78246875
 2.7924687499999998
 2.8024687500000001
 2.8124687499999999
 2.8224687500000001
 2.8324687499999999
 2.8424687500000001
 2.8524687499999999
 2.8624687500000001
 2.8724687499999999
 2.8824687500000001
 2.8924687499999999
 2.9024687500000002
 2.9124687499999999
 2.9224687500000002
 2.93246875
 2.9424687500000002
 2.95246875
 2.9624687500000002
 2.97246875
 2.9824687499999998
 2.99246875
 3.0024687499999998
 3.01246875
 3.0224687499999998
 3.03246875
 3.0424687499999998
 3.0524687500000001
 3.0624687499999999
 3.0724687500000001
 3.0824687499999999
 3.0924687500000001
 3.1024687499999999
 3.1124687500000001
 3.1224687499999999
 3.1324687500000001
 3.1424687499999999
 3.1524687500000002
 3.1624687499999999
 3.1724687500000002
 3.18246875
 3.1924687500000002
 3.20246875
 3.2124687500000002
 3.22246875
 3.2324687499999998
 3.24246875
 3.2524687499999998
 3.26246875
 3.2724687499999998
 3.28246875
 3.2924687499999998
 3.3024687500000001
 3.3124687499999999
 3.3224687500000001
 3.3324687499999999
 3.3424687500000001
 3.3524687499999999
 3.3624687500000001
 3.3724687499999999
 3.3824687500000001
 3.3924687499999999
 3.4024687500000002
 3.4124687499999999
 3.4224687500000002
 3.43246875
 3.4424687500000002


